<?xml version="1.0" encoding="utf-8"?>
<COLLADA xmlns="http://www.collada.org/2005/11/COLLADASchema" version="1.4.1">
  <asset>
    <contributor>
      <author>Mixamo</author>
      <authoring_tool>COLLADA Mixamo exporter</authoring_tool>
      <comments/>
    </contributor>
    <created>2023-06-03T11:15:15Z</created>
    <modified>2023-06-03T11:15:15Z</modified>
    <revision/>
    <title/>
    <unit meter="0.010000"/>
    <up_axis>Y_UP</up_axis>
  </asset>
  <library_animations>
    <animation id="mixamorig5_Hips-anim" name="mixamorig5_Hips">
      <source id="mixamorig5_Hips-Matrix-animation-input">
        <float_array id="mixamorig5_Hips-Matrix-animation-input-array" count="122">

0.000000 0.033333 0.066667 0.100000 0.133333 0.166667 0.200000 0.233333 0.266667 0.300000 0.333333 0.366667 0.400000 0.433333 0.466667 0.500000
0.533333 0.566667 0.600000 0.633333 0.666667 0.700000 0.733333 0.766667 0.800000 0.833333 0.866667 0.900000 0.933333 0.966667 1.000000 1.033333
1.066667 1.100000 1.133333 1.166667 1.200000 1.233333 1.266667 1.300000 1.333333 1.366667 1.400000 1.433333 1.466667 1.500000 1.533333 1.566667
1.600000 1.633333 1.666667 1.700000 1.733333 1.766667 1.800000 1.833333 1.866667 1.900000 1.933333 1.966667 2.000000 2.033333 2.066667 2.100000
2.133333 2.166667 2.200000 2.233333 2.266667 2.300000 2.333333 2.366667 2.400000 2.433333 2.466667 2.500000 2.533333 2.566667 2.600000 2.633333
2.666667 2.700000 2.733333 2.766667 2.800000 2.833333 2.866667 2.900000 2.933333 2.966667 3.000000 3.033333 3.066667 3.100000 3.133333 3.166667
3.200000 3.233333 3.266667 3.300000 3.333333 3.366667 3.400000 3.433333 3.466667 3.500000 3.533333 3.566667 3.600000 3.633333 3.666667 3.700000
3.733333 3.766667 3.800000 3.833333 3.866667 3.900000 3.933333 3.966667 4.000000 4.033333</float_array>
        <technique_common>
          <accessor source="#mixamorig5_Hips-Matrix-animation-input-array" count="122">
            <param name="TIME" type="float"/>
          </accessor>
        </technique_common>
      </source>
      <source id="mixamorig5_Hips-Matrix-animation-output-transform">
        <float_array id="mixamorig5_Hips-Matrix-animation-output-transform-array" count="1952">

0.918653 0.025262 0.394256 -0.621251 0.005138 0.997105 -0.075862 99.269630 -0.395031 0.071716 0.915864 -1.716098 0.000000 0.000000 0.000000 1.000000
0.924618 0.030401 0.379680 -0.273126 -0.001826 0.997152 -0.075396 99.138916 -0.380891 0.069019 0.922040 -0.184812 0.000000 0.000000 0.000000 1.000000
0.933982 0.035002 0.355601 0.234248 -0.009339 0.997242 -0.073631 99.008858 -0.357198 0.065449 0.931733 1.463566 0.000000 0.000000 0.000000 1.000000
0.946782 0.039948 0.319388 0.930892 -0.018061 0.997299 -0.071199 98.815567 -0.321369 0.061641 0.944946 3.218909 0.000000 0.000000 0.000000 1.000000
0.962303 0.041912 0.268729 1.846793 -0.024795 0.997460 -0.066778 98.578835 -0.270846 0.057597 0.960898 5.072831 0.000000 0.000000 0.000000 1.000000
0.978939 0.037759 0.200629 3.041018 -0.026825 0.998017 -0.056945 98.286682 -0.202382 0.050364 0.978011 7.025271 0.000000 0.000000 0.000000 1.000000
0.993319 0.027489 0.112082 4.532085 -0.023167 0.998944 -0.039688 97.931328 -0.113055 0.036826 0.992906 9.061918 0.000000 0.000000 0.000000 1.000000
0.999851 0.017091 0.002273 6.288688 -0.017048 0.999698 -0.017696 97.386154 -0.002574 0.017654 0.999841 11.177213 0.000000 0.000000 0.000000 1.000000
0.992304 0.011713 -0.123273 8.267912 -0.011537 0.999931 0.002145 96.513824 0.123290 -0.000706 0.992370 13.366652 0.000000 0.000000 0.000000 1.000000
0.967709 0.011268 -0.251817 10.348091 -0.008347 0.999885 0.012666 95.279671 0.251930 -0.010156 0.967692 15.629171 0.000000 0.000000 0.000000 1.000000
0.930249 0.014047 -0.366659 12.474256 -0.010643 0.999879 0.011303 93.784439 0.366774 -0.006613 0.930287 17.914186 0.000000 0.000000 0.000000 1.000000
0.892159 0.017429 -0.451385 14.542242 -0.017935 0.999834 0.003159 92.360802 0.451365 0.005277 0.892324 20.241438 0.000000 0.000000 0.000000 1.000000
0.865393 0.030011 -0.500194 16.548298 -0.036049 0.999347 -0.002409 90.978615 0.499795 0.020116 0.865910 22.438021 0.000000 0.000000 0.000000 1.000000
0.854598 0.046245 -0.517227 18.336325 -0.057059 0.998358 -0.005014 89.875854 0.516146 0.033797 0.855834 24.388054 0.000000 0.000000 0.000000 1.000000
0.854929 0.055412 -0.515776 19.774347 -0.073241 0.997212 -0.014266 89.304596 0.513548 0.049972 0.856604 25.991995 0.000000 0.000000 0.000000 1.000000
0.859699 0.052546 -0.508091 20.832829 -0.083025 0.995842 -0.037490 89.340324 0.504009 0.074415 0.860487 27.209686 0.000000 0.000000 0.000000 1.000000
0.866439 0.043357 -0.497396 21.579996 -0.089850 0.993498 -0.069914 89.819168 0.491131 0.105268 0.864702 28.118597 0.000000 0.000000 0.000000 1.000000
0.875304 0.036419 -0.482200 22.114946 -0.095984 0.990404 -0.099432 90.482971 0.473952 0.133317 0.870400 28.865532 0.000000 0.000000 0.000000 1.000000
0.885041 0.034399 -0.464241 22.515717 -0.100588 0.987838 -0.118568 91.128197 0.454516 0.151635 0.877737 29.572001 0.000000 0.000000 0.000000 1.000000
0.893278 0.034869 -0.448151 22.827694 -0.103046 0.986321 -0.128654 91.648201 0.437535 0.161103 0.884652 30.291464 0.000000 0.000000 0.000000 1.000000
0.899121 0.035796 -0.436235 23.074903 -0.104469 0.985397 -0.134462 92.012268 0.425051 0.166470 0.889730 31.043724 0.000000 0.000000 0.000000 1.000000
0.903297 0.036797 -0.427435 23.276768 -0.105693 0.984694 -0.138592 92.230690 0.415792 0.170366 0.893360 31.852623 0.000000 0.000000 0.000000 1.000000
0.906475 0.036871 -0.420647 23.464273 -0.105555 0.984340 -0.141185 92.324310 0.408854 0.172382 0.896171 32.735306 0.000000 0.000000 0.000000 1.000000
0.908507 0.034163 -0.416470 23.686535 -0.102277 0.984518 -0.142351 92.312302 0.405159 0.171922 0.897936 33.678101 0.000000 0.000000 0.000000 1.000000
0.909079 0.028011 -0.415681 23.994858 -0.095782 0.985064 -0.143092 92.207344 0.405464 0.169897 0.898184 34.646328 0.000000 0.000000 0.000000 1.000000
0.908333 0.019761 -0.417780 24.417215 -0.087822 0.985626 -0.144323 92.019836 0.408923 0.167783 0.897012 35.618896 0.000000 0.000000 0.000000 1.000000
0.906677 0.011101 -0.421680 24.949532 -0.079950 0.986057 -0.145946 91.764183 0.414180 0.166040 0.894922 36.611713 0.000000 0.000000 0.000000 1.000000
0.904110 0.002604 -0.427291 25.570675 -0.072313 0.986490 -0.146996 91.461433 0.421136 0.163799 0.892084 37.672318 0.000000 0.000000 0.000000 1.000000
0.900065 -0.005585 -0.435721 26.257103 -0.064705 0.987120 -0.146314 91.129715 0.430926 0.159886 0.888110 38.842697 0.000000 0.000000 0.000000 1.000000
0.894084 -0.012313 -0.447731 26.990864 -0.058179 0.987961 -0.143349 90.779808 0.444105 0.154215 0.882603 40.127365 0.000000 0.000000 0.000000 1.000000
0.886576 -0.016005 -0.462306 27.768551 -0.054528 0.988818 -0.138801 90.444847 0.459358 0.148266 0.875789 41.500397 0.000000 0.000000 0.000000 1.000000
0.878474 -0.016496 -0.477505 28.598204 -0.054351 0.989466 -0.134173 90.185059 0.474688 0.143820 0.868324 42.940792 0.000000 0.000000 0.000000 1.000000
0.870490 -0.014234 -0.491981 29.486898 -0.057342 0.989842 -0.130097 90.108536 0.488835 0.141459 0.860831 44.470486 0.000000 0.000000 0.000000 1.000000
0.862909 -0.009466 -0.505271 30.392269 -0.062386 0.990181 -0.125095 90.288246 0.501494 0.139467 0.853846 46.082737 0.000000 0.000000 0.000000 1.000000
0.861274 -0.000712 -0.508141 31.234337 -0.068883 0.990605 -0.118140 90.706093 0.503451 0.136753 0.853133 47.698463 0.000000 0.000000 0.000000 1.000000
0.859985 0.008373 -0.510250 31.904293 -0.075125 0.991049 -0.110356 91.261780 0.504759 0.133237 0.852916 49.170784 0.000000 0.000000 0.000000 1.000000
0.859169 0.017668 -0.511386 32.350449 -0.081051 0.991486 -0.101917 91.851357 0.505232 0.129012 0.853286 50.423386 0.000000 0.000000 0.000000 1.000000
0.858938 0.027852 -0.511321 32.622604 -0.087531 0.991810 -0.093014 92.419434 0.504543 0.124649 0.854341 51.476887 0.000000 0.000000 0.000000 1.000000
0.859350 0.039291 -0.509877 32.795124 -0.095105 0.991929 -0.083853 92.883446 0.502467 0.120550 0.856151 52.417358 0.000000 0.000000 0.000000 1.000000
0.860390 0.051981 -0.506978 32.920422 -0.103883 0.991787 -0.074609 93.266159 0.498936 0.116859 0.858724 53.324402 0.000000 0.000000 0.000000 1.000000
0.862071 0.064850 -0.502622 33.010017 -0.112746 0.991466 -0.065453 93.619118 0.494088 0.113094 0.862025 54.225464 0.000000 0.000000 0.000000 1.000000
0.864432 0.077455 -0.496747 33.055531 -0.121300 0.991003 -0.056563 93.941063 0.487897 0.109150 0.866050 55.119190 0.000000 0.000000 0.000000 1.000000
0.867524 0.089818 -0.489218 33.035202 -0.129681 0.990387 -0.048132 94.236061 0.480192 0.105198 0.870832 56.026226 0.000000 0.000000 0.000000 1.000000
0.871380 0.101939 -0.479902 32.930187 -0.137989 0.989612 -0.040343 94.510216 0.470804 0.101375 0.876394 56.961571 0.000000 0.000000 0.000000 1.000000
0.876003 0.113514 -0.468757 32.734558 -0.145963 0.988728 -0.033344 94.763565 0.459688 0.097631 0.882698 57.940849 0.000000 0.000000 0.000000 1.000000
0.881431 0.124172 -0.455697 32.458282 -0.153274 0.987807 -0.027303 94.992523 0.446750 0.093912 0.889716 58.947441 0.000000 0.000000 0.000000 1.000000
0.887689 0.133626 -0.440626 32.110111 -0.159672 0.986916 -0.022379 95.196167 0.431871 0.090222 0.897412 59.945793 0.000000 0.000000 0.000000 1.000000
0.894782 0.141591 -0.423458 31.662996 -0.164903 0.986132 -0.018715 95.373886 0.414936 0.086575 0.905722 60.933376 0.000000 0.000000 0.000000 1.000000
0.902698 0.147828 -0.404083 31.063448 -0.168751 0.985522 -0.016441 95.525848 0.395802 0.083031 0.914575 61.967602 0.000000 0.000000 0.000000 1.000000
0.911383 0.152306 -0.382340 30.314283 -0.171173 0.985117 -0.015603 95.649040 0.374274 0.079666 0.923890 63.105946 0.000000 0.000000 0.000000 1.000000
0.920573 0.156264 -0.357947 29.537186 -0.173300 0.984742 -0.015800 95.745232 0.350017 0.076578 0.933608 64.331177 0.000000 0.000000 0.000000 1.000000
0.930061 0.159434 -0.331010 28.884497 -0.174781 0.984462 -0.016919 95.804420 0.323169 0.073590 0.943475 65.546310 0.000000 0.000000 0.000000 1.000000
0.939638 0.161451 -0.301685 28.404139 -0.175202 0.984351 -0.018901 95.821472 0.293912 0.070616 0.953220 66.693443 0.000000 0.000000 0.000000 1.000000
0.949114 0.161830 -0.270174 28.016737 -0.174031 0.984502 -0.021665 95.792953 0.262481 0.067582 0.962568 67.807602 0.000000 0.000000 0.000000 1.000000
0.958295 0.160151 -0.236690 27.618599 -0.170813 0.984984 -0.025107 95.708763 0.229115 0.064490 0.971261 68.968834 0.000000 0.000000 0.000000 1.000000
0.966809 0.157612 -0.201096 27.179911 -0.166733 0.985571 -0.029145 95.573318 0.193601 0.061707 0.979138 70.221436 0.000000 0.000000 0.000000 1.000000
0.974547 0.153285 -0.163591 26.714094 -0.160802 0.986413 -0.033662 95.387650 0.156208 0.059111 0.985954 71.529144 0.000000 0.000000 0.000000 1.000000
0.981287 0.147161 -0.124178 26.236658 -0.152967 0.987479 -0.038540 95.162285 0.116951 0.056814 0.991511 72.872894 0.000000 0.000000 0.000000 1.000000
0.986695 0.139927 -0.082789 25.754429 -0.143865 0.988634 -0.043654 94.927078 0.075740 0.054983 0.995611 74.287796 0.000000 0.000000 0.000000 1.000000
0.990412 0.132378 -0.039502 25.266123 -0.134238 0.989744 -0.048866 94.711212 0.032628 0.053700 0.998024 75.820053 0.000000 0.000000 0.000000 1.000000
0.992159 0.124860 0.005426 24.738358 -0.124389 0.990762 -0.054020 94.516533 -0.012121 0.052922 0.998525 77.464218 0.000000 0.000000 0.000000 1.000000
0.991781 0.117037 0.051699 24.093660 -0.113959 0.991736 -0.058939 94.342430 -0.058170 0.052563 0.996922 79.140114 0.000000 0.000000 0.000000 1.000000
0.989163 0.108346 0.099088 23.274290 -0.102381 0.992721 -0.063430 94.182198 -0.105239 0.052598 0.993055 80.748856 0.000000 0.000000 0.000000 1.000000
0.983955 0.100997 0.147081 22.326965 -0.091902 0.993485 -0.067386 94.132835 -0.152928 0.052788 0.986826 82.219841 0.000000 0.000000 0.000000 1.000000
0.976335 0.092037 0.195702 21.290089 -0.079600 0.994330 -0.070510 94.095848 -0.201082 0.053264 0.978125 83.547348 0.000000 0.000000 0.000000 1.000000
0.965598 0.077430 0.248245 20.149828 -0.061122 0.995475 -0.072751 93.996773 -0.252755 0.055075 0.965961 84.767708 0.000000 0.000000 0.000000 1.000000
0.950291 0.056345 0.306222 18.885717 -0.035340 0.996653 -0.073714 93.830521 -0.309351 0.059228 0.949102 85.889938 0.000000 0.000000 0.000000 1.000000
0.929709 0.029121 0.367143 17.473783 -0.002523 0.997349 -0.072721 93.553604 -0.368288 0.066683 0.927317 86.972069 0.000000 0.000000 0.000000 1.000000
0.903411 -0.000347 0.428776 15.924756 0.033284 0.997039 -0.069320 93.201714 -0.427483 0.076895 0.900747 88.023560 0.000000 0.000000 0.000000 1.000000
0.872212 -0.028553 0.488295 14.290191 0.068258 0.995632 -0.063704 92.851303 -0.484343 0.088893 0.870351 89.046249 0.000000 0.000000 0.000000 1.000000
0.837724 -0.053354 0.543481 12.620467 0.099872 0.993399 -0.056421 92.531563 -0.536883 0.101544 0.837523 90.053108 0.000000 0.000000 0.000000 1.000000
0.827963 -0.016190 0.560549 10.721164 0.087704 0.991021 -0.100921 91.615814 -0.553882 0.132722 0.821949 91.350357 0.000000 0.000000 0.000000 1.000000
0.825297 0.008677 0.564632 9.137295 0.079855 0.988041 -0.131904 91.277603 -0.559024 0.153949 0.814735 92.569565 0.000000 0.000000 0.000000 1.000000
0.825973 0.021936 0.563283 7.960891 0.078551 0.985015 -0.153543 91.508247 -0.558210 0.171069 0.811873 93.629913 0.000000 0.000000 0.000000 1.000000
0.826458 0.029240 0.562238 7.176331 0.083293 0.981311 -0.173470 92.120880 -0.556803 0.190196 0.808577 94.479156 0.000000 0.000000 0.000000 1.000000
0.827027 0.035005 0.561072 6.667517 0.090298 0.976828 -0.194045 92.838730 -0.554863 0.211144 0.804702 95.157379 0.000000 0.000000 0.000000 1.000000
0.829644 0.038907 0.556936 6.325546 0.095312 0.973053 -0.209960 93.454643 -0.550097 0.227275 0.803579 95.748062 0.000000 0.000000 0.000000 1.000000
0.834273 0.039807 0.549912 6.092166 0.095990 0.971672 -0.215963 93.872421 -0.542931 0.232958 0.806819 96.298363 0.000000 0.000000 0.000000 1.000000
0.839573 0.038340 0.541893 5.931645 0.092679 0.972775 -0.212415 94.100731 -0.535284 0.228560 0.813162 96.804733 0.000000 0.000000 0.000000 1.000000
0.845238 0.035884 0.533183 5.817334 0.086834 0.975260 -0.203291 94.188843 -0.527287 0.218128 0.821211 97.261688 0.000000 0.000000 0.000000 1.000000
0.851654 0.033208 0.523051 5.711253 0.080046 0.978041 -0.192430 94.179779 -0.517956 0.205752 0.830294 97.690582 0.000000 0.000000 0.000000 1.000000
0.858537 0.031783 0.511766 5.571361 0.072873 0.980383 -0.183138 94.087494 -0.507547 0.194525 0.839378 98.120781 0.000000 0.000000 0.000000 1.000000
0.865247 0.034053 0.500189 5.347693 0.064703 0.981762 -0.178765 93.939354 -0.497154 0.187040 0.847263 98.576302 0.000000 0.000000 0.000000 1.000000
0.871464 0.040824 0.488757 4.993232 0.055289 0.982001 -0.180603 93.776848 -0.487333 0.184412 0.853522 99.089050 0.000000 0.000000 0.000000 1.000000
0.877047 0.050261 0.477767 4.479434 0.045051 0.981525 -0.185957 93.635857 -0.478287 0.184617 0.858579 99.686073 0.000000 0.000000 0.000000 1.000000
0.881558 0.059475 0.468314 3.803934 0.034983 0.981074 -0.190446 93.503082 -0.470777 0.184272 0.862793 100.368179 0.000000 0.000000 0.000000 1.000000
0.884521 0.067534 0.461586 2.990305 0.025782 0.980876 -0.192916 93.347168 -0.465787 0.182539 0.865865 101.106995 0.000000 0.000000 0.000000 1.000000
0.885367 0.076211 0.458603 2.080020 0.017447 0.980329 -0.196595 93.140472 -0.464565 0.182061 0.866622 101.881538 0.000000 0.000000 0.000000 1.000000
0.882991 0.087476 0.461167 1.112465 0.009963 0.978767 -0.204733 92.892944 -0.469285 0.185372 0.863371 102.710648 0.000000 0.000000 0.000000 1.000000
0.875974 0.100171 0.471843 0.112482 0.004468 0.976472 -0.215597 92.627235 -0.482339 0.190966 0.854916 103.627800 0.000000 0.000000 0.000000 1.000000
0.864173 0.109914 0.491044 -0.900137 0.002774 0.974797 -0.223078 92.346718 -0.503187 0.194140 0.842088 104.626328 0.000000 0.000000 0.000000 1.000000
0.849802 0.112533 0.514950 -1.904560 0.006064 0.974793 -0.223030 92.082863 -0.527068 0.192654 0.827698 105.675011 0.000000 0.000000 0.000000 1.000000
0.835881 0.110052 0.537766 -2.828851 0.011908 0.975829 -0.218210 91.849716 -0.548782 0.188801 0.814366 106.713669 0.000000 0.000000 0.000000 1.000000
0.824147 0.107221 0.556134 -3.648237 0.018432 0.976320 -0.215546 91.714577 -0.566075 0.187892 0.802655 107.739433 0.000000 0.000000 0.000000 1.000000
0.814923 0.106921 0.569621 -4.360765 0.024618 0.975563 -0.218338 91.713867 -0.579046 0.191952 0.792377 108.772446 0.000000 0.000000 0.000000 1.000000
0.808463 0.108145 0.578525 -4.983202 0.029681 0.974231 -0.223593 91.843643 -0.587798 0.197938 0.784420 109.847435 0.000000 0.000000 0.000000 1.000000
0.804547 0.108766 0.583845 -5.523586 0.032968 0.973391 -0.226766 92.105621 -0.592974 0.201692 0.779553 111.010818 0.000000 0.000000 0.000000 1.000000
0.801063 0.108546 0.588655 -5.953398 0.034329 0.973471 -0.226220 92.492798 -0.597594 0.201424 0.776086 112.259613 0.000000 0.000000 0.000000 1.000000
0.795101 0.106934 0.596975 -6.243759 0.035913 0.974304 -0.222354 93.000427 -0.605413 0.198233 0.770830 113.531998 0.000000 0.000000 0.000000 1.000000
0.786204 0.101423 0.609587 -6.390138 0.040679 0.975806 -0.214818 93.615669 -0.616627 0.193688 0.763057 114.745773 0.000000 0.000000 0.000000 1.000000
0.777867 0.090665 0.621855 -6.401861 0.048305 0.977984 -0.203012 94.290543 -0.626570 0.187955 0.756362 115.850403 0.000000 0.000000 0.000000 1.000000
0.775215 0.076465 0.627053 -6.312122 0.055916 0.980444 -0.188686 94.987061 -0.629218 0.181334 0.755779 116.876579 0.000000 0.000000 0.000000 1.000000
0.780650 0.062638 0.621822 -6.161924 0.060831 0.982625 -0.175352 95.686180 -0.622001 0.174715 0.763275 117.884575 0.000000 0.000000 0.000000 1.000000
0.791830 0.051676 0.608551 -5.969538 0.062210 0.984407 -0.164538 96.361496 -0.607564 0.168144 0.776269 118.889458 0.000000 0.000000 0.000000 1.000000
0.804309 0.042956 0.592657 -5.725324 0.061067 0.986127 -0.154350 96.971893 -0.591066 0.160337 0.790527 119.863152 0.000000 0.000000 0.000000 1.000000
0.815506 0.034855 0.577698 -5.415385 0.058713 0.988053 -0.142495 97.479919 -0.575763 0.150124 0.803716 120.784325 0.000000 0.000000 0.000000 1.000000
0.825531 0.027077 0.563706 -5.059828 0.056067 0.989972 -0.129661 97.898834 -0.561564 0.138645 0.815735 121.686440 0.000000 0.000000 0.000000 1.000000
0.835016 0.021002 0.549825 -4.706596 0.053246 0.991497 -0.118736 98.276245 -0.547644 0.128422 0.826798 122.634171 0.000000 0.000000 0.000000 1.000000
0.843515 0.017599 0.536817 -4.393295 0.049991 0.992552 -0.111092 98.649612 -0.534774 0.120544 0.836353 123.677429 0.000000 0.000000 0.000000 1.000000
0.850155 0.017266 0.526250 -4.113906 0.044811 0.993464 -0.104986 98.974915 -0.524622 0.112836 0.843824 124.801590 0.000000 0.000000 0.000000 1.000000
0.855254 0.018035 0.517895 -3.844507 0.038270 0.994467 -0.097830 99.226974 -0.516794 0.103489 0.849832 125.981789 0.000000 0.000000 0.000000 1.000000
0.860366 0.017854 0.509364 -3.561721 0.031989 0.995524 -0.088928 99.404579 -0.508672 0.092805 0.855944 127.183090 0.000000 0.000000 0.000000 1.000000
0.866902 0.016344 0.498210 -3.249929 0.027077 0.996443 -0.079803 99.526779 -0.497742 0.082671 0.863376 128.370483 0.000000 0.000000 0.000000 1.000000
0.875069 0.014886 0.483769 -2.896599 0.023246 0.997081 -0.072730 99.610153 -0.483440 0.074890 0.872168 129.522583 0.000000 0.000000 0.000000 1.000000
0.884044 0.015098 0.467160 -2.495885 0.019490 0.997418 -0.069117 99.652763 -0.466997 0.070208 0.881467 130.636047 0.000000 0.000000 0.000000 1.000000
0.892731 0.016789 0.450277 -2.068812 0.015874 0.997513 -0.068665 99.657082 -0.450310 0.068447 0.890245 131.733963 0.000000 0.000000 0.000000 1.000000
0.900242 0.018078 0.435013 -1.670703 0.013681 0.997470 -0.069764 99.638550 -0.435174 0.068756 0.897717 132.859161 0.000000 0.000000 0.000000 1.000000
0.906154 0.016090 0.422643 -1.363680 0.015342 0.997368 -0.070862 99.654167 -0.422670 0.070696 0.903522 134.061676 0.000000 0.000000 0.000000 1.000000
0.910266 0.013078 0.413816 -1.159416 0.018262 0.997260 -0.071689 99.665695 -0.413620 0.072813 0.907533 135.337082 0.000000 0.000000 0.000000 1.000000
0.912942 0.013736 0.407858 -1.010638 0.017576 0.997182 -0.072926 99.593887 -0.407710 0.073746 0.910128 136.653534 0.000000 0.000000 0.000000 1.000000
0.915242 0.018848 0.402463 -0.850868 0.012309 0.997131 -0.074690 99.438477 -0.402716 0.073313 0.912384 138.008270 0.000000 0.000000 0.000000 1.000000
0.918653 0.025262 0.394256 -0.621243 0.005138 0.997105 -0.075862 99.269630 -0.395031 0.071716 0.915864 139.432846 0.000000 0.000000 0.000000 1.000000</float_array>
        <technique_common>
          <accessor source="#mixamorig5_Hips-Matrix-animation-output-transform-array" count="122" stride="16">
            <param type="float4x4"/>
          </accessor>
        </technique_common>
      </source>
      <source id="mixamorig5_Hips-Interpolations">
        <Name_array id="mixamorig5_Hips-Interpolations-array" count="122">
 LINEAR LINEAR LINEAR LINEAR LINEAR LINEAR LINEAR LINEAR LINEAR LINEAR LINEAR
LINEAR LINEAR LINEAR LINEAR LINEAR LINEAR LINEAR LINEAR LINEAR LINEAR LINEAR LINEAR
LINEAR LINEAR LINEAR LINEAR LINEAR LINEAR LINEAR LINEAR LINEAR LINEAR LINEAR LINEAR
LINEAR LINEAR LINEAR LINEAR LINEAR LINEAR LINEAR LINEAR LINEAR LINEAR LINEAR LINEAR
LINEAR LINEAR LINEAR LINEAR LINEAR LINEAR LINEAR LINEAR LINEAR LINEAR LINEAR LINEAR
LINEAR LINEAR LINEAR LINEAR LINEAR LINEAR LINEAR LINEAR LINEAR LINEAR LINEAR LINEAR
LINEAR LINEAR LINEAR LINEAR LINEAR LINEAR LINEAR LINEAR LINEAR LINEAR LINEAR LINEAR
LINEAR LINEAR LINEAR LINEAR LINEAR LINEAR LINEAR LINEAR LINEAR LINEAR LINEAR LINEAR
LINEAR LINEAR LINEAR LINEAR LINEAR LINEAR LINEAR LINEAR LINEAR LINEAR LINEAR LINEAR
LINEAR LINEAR LINEAR LINEAR LINEAR LINEAR LINEAR LINEAR LINEAR LINEAR LINEAR LINEAR
LINEAR LINEAR LINEAR</Name_array>
        <technique_common>
          <accessor source="#mixamorig5_Hips-Interpolations-array" count="122">
            <param type="name"/>
          </accessor>
        </technique_common>
      </source>
      <sampler id="mixamorig5_Hips-Matrix-animation-transform">
        <input semantic="INPUT" source="#mixamorig5_Hips-Matrix-animation-input"/>
        <input semantic="OUTPUT" source="#mixamorig5_Hips-Matrix-animation-output-transform"/>
        <input semantic="INTERPOLATION" source="#mixamorig5_Hips-Interpolations"/>
      </sampler>
      <channel source="#mixamorig5_Hips-Matrix-animation-transform" target="mixamorig5_Hips/matrix"/>
    </animation>
    <animation id="mixamorig5_Spine-anim" name="mixamorig5_Spine">
      <source id="mixamorig5_Spine-Matrix-animation-input">
        <float_array id="mixamorig5_Spine-Matrix-animation-input-array" count="122">

0.000000 0.033333 0.066667 0.100000 0.133333 0.166667 0.200000 0.233333 0.266667 0.300000 0.333333 0.366667 0.400000 0.433333 0.466667 0.500000
0.533333 0.566667 0.600000 0.633333 0.666667 0.700000 0.733333 0.766667 0.800000 0.833333 0.866667 0.900000 0.933333 0.966667 1.000000 1.033333
1.066667 1.100000 1.133333 1.166667 1.200000 1.233333 1.266667 1.300000 1.333333 1.366667 1.400000 1.433333 1.466667 1.500000 1.533333 1.566667
1.600000 1.633333 1.666667 1.700000 1.733333 1.766667 1.800000 1.833333 1.866667 1.900000 1.933333 1.966667 2.000000 2.033333 2.066667 2.100000
2.133333 2.166667 2.200000 2.233333 2.266667 2.300000 2.333333 2.366667 2.400000 2.433333 2.466667 2.500000 2.533333 2.566667 2.600000 2.633333
2.666667 2.700000 2.733333 2.766667 2.800000 2.833333 2.866667 2.900000 2.933333 2.966667 3.000000 3.033333 3.066667 3.100000 3.133333 3.166667
3.200000 3.233333 3.266667 3.300000 3.333333 3.366667 3.400000 3.433333 3.466667 3.500000 3.533333 3.566667 3.600000 3.633333 3.666667 3.700000
3.733333 3.766667 3.800000 3.833333 3.866667 3.900000 3.933333 3.966667 4.000000 4.033333</float_array>
        <technique_common>
          <accessor source="#mixamorig5_Spine-Matrix-animation-input-array" count="122">
            <param name="TIME" type="float"/>
          </accessor>
        </technique_common>
      </source>
      <source id="mixamorig5_Spine-Matrix-animation-output-transform">
        <float_array id="mixamorig5_Spine-Matrix-animation-output-transform-array" count="1952">

0.996530 -0.068195 -0.047727 0.000000 0.071723 0.994480 0.076586 8.836100 0.042241 -0.079744 0.995920 -1.360800 0.000000 0.000000 0.000000 1.000000
0.997007 -0.062078 -0.046091 0.000000 0.065487 0.994911 0.076579 8.836100 0.041103 -0.079368 0.995998 -1.360800 0.000000 0.000000 0.000000 1.000000
0.997471 -0.056215 -0.043484 0.000000 0.059417 0.995318 0.076239 8.836100 0.038994 -0.078630 0.996141 -1.360800 0.000000 0.000000 0.000000 1.000000
0.997911 -0.051105 -0.039530 0.000000 0.053982 0.995684 0.075496 8.836100 0.035501 -0.077472 0.996362 -1.360800 0.000000 0.000000 0.000000 1.000000
0.998372 -0.045943 -0.033808 0.000000 0.048335 0.996108 0.073706 8.836100 0.030290 -0.075220 0.996707 -1.360800 0.000000 0.000000 0.000000 1.000000
0.998908 -0.038910 -0.025855 -0.000000 0.040625 0.996754 0.069506 8.836100 0.023067 -0.070481 0.997246 -1.360800 0.000000 0.000000 0.000000 1.000000
0.999484 -0.028323 -0.015146 0.000000 0.029205 0.997671 0.061642 8.836100 0.013364 -0.062052 0.997983 -1.360800 0.000000 0.000000 0.000000 1.000000
0.999909 -0.013369 -0.001693 0.000000 0.013438 0.998644 0.050299 8.836100 0.001018 -0.050317 0.998733 -1.360800 0.000000 0.000000 0.000000 1.000000
0.999897 0.006141 0.012934 -0.000000 -0.006622 0.999275 0.037495 8.836100 -0.012695 -0.037576 0.999213 -1.360800 0.000000 0.000000 0.000000 1.000000
0.999256 0.029076 0.025353 0.000000 -0.029730 0.999225 0.025815 8.836100 -0.024583 -0.026550 0.999345 -1.360800 0.000000 0.000000 0.000000 1.000000
0.998159 0.051460 0.032089 -0.000000 -0.052011 0.998509 0.016582 8.836100 -0.031188 -0.018221 0.999347 -1.360800 0.000000 0.000000 0.000000 1.000000
0.997214 0.067265 0.032250 0.000000 -0.067593 0.997671 0.009181 8.836100 -0.031557 -0.011335 0.999438 -1.360800 0.000000 0.000000 0.000000 1.000000
0.996963 0.072526 0.028360 0.000000 -0.072617 0.997358 0.002176 8.836100 -0.028127 -0.004229 0.999595 -1.360800 0.000000 0.000000 0.000000 1.000000
0.997173 0.071084 0.024366 -0.000000 -0.070990 0.997466 -0.004730 8.836100 -0.024640 0.002987 0.999692 -1.360800 0.000000 0.000000 0.000000 1.000000
0.997191 0.071418 0.022577 0.000000 -0.071210 0.997412 -0.009885 8.836100 -0.023225 0.008250 0.999696 -1.360800 0.000000 0.000000 0.000000 1.000000
0.996720 0.077629 0.022864 0.000000 -0.077381 0.996935 -0.011562 8.836100 -0.023691 0.009754 0.999672 -1.360800 0.000000 0.000000 0.000000 1.000000
0.995985 0.086181 0.024214 0.000000 -0.085954 0.996246 -0.010287 8.836100 -0.025010 0.008165 0.999654 -1.360800 0.000000 0.000000 0.000000 1.000000
0.995457 0.091542 0.026185 0.000000 -0.091348 0.995783 -0.008487 8.836100 -0.026852 0.006056 0.999621 -1.360800 0.000000 0.000000 0.000000 1.000000
0.995301 0.092423 0.028893 -0.000000 -0.092228 0.995706 -0.007994 8.836100 -0.029508 0.005292 0.999551 -1.360800 0.000000 0.000000 0.000000 1.000000
0.995266 0.091669 0.032285 0.000000 -0.091437 0.995774 -0.008597 8.836100 -0.032937 0.005604 0.999442 -1.360800 0.000000 0.000000 0.000000 1.000000
0.995111 0.092022 0.035867 0.000000 -0.091754 0.995741 -0.009045 8.836100 -0.036546 0.005710 0.999316 -1.360800 0.000000 0.000000 0.000000 1.000000
0.994825 0.093738 0.039205 0.000000 -0.093466 0.995584 -0.008706 8.836100 -0.039848 0.004996 0.999193 -1.360800 0.000000 0.000000 0.000000 1.000000
0.994506 0.095762 0.042282 0.000000 -0.095515 0.995397 -0.007825 8.836100 -0.042837 0.003743 0.999075 -1.360800 0.000000 0.000000 0.000000 1.000000
0.994207 0.097542 0.045145 0.000000 -0.097339 0.995229 -0.006691 8.836100 -0.045582 0.002258 0.998958 -1.360800 0.000000 0.000000 0.000000 1.000000
0.993919 0.099340 0.047507 0.000000 -0.099207 0.995053 -0.005158 8.836100 -0.047784 0.000414 0.998858 -1.360800 0.000000 0.000000 0.000000 1.000000
0.993623 0.101569 0.048950 0.000000 -0.101543 0.994827 -0.003016 8.836100 -0.049003 -0.001974 0.998797 -1.360800 0.000000 0.000000 0.000000 1.000000
0.993298 0.104454 0.049488 0.000000 -0.104560 0.994518 -0.000449 8.836100 -0.049263 -0.004728 0.998775 -1.360800 0.000000 0.000000 0.000000 1.000000
0.992889 0.108148 0.049754 0.000000 -0.108383 0.994107 0.002039 8.836100 -0.049240 -0.007417 0.998759 -1.360800 0.000000 0.000000 0.000000 1.000000
0.992345 0.112667 0.050578 0.000000 -0.113014 0.993585 0.004053 8.836100 -0.049797 -0.009738 0.998712 -1.360800 0.000000 0.000000 0.000000 1.000000
0.991696 0.117466 0.052353 -0.000000 -0.117915 0.993008 0.005574 8.836100 -0.051332 -0.011701 0.998613 -1.360800 0.000000 0.000000 0.000000 1.000000
0.991130 0.121074 0.054787 0.000000 -0.121627 0.992552 0.006876 8.836100 -0.053546 -0.013479 0.998474 -1.360800 0.000000 0.000000 0.000000 1.000000
0.990952 0.121411 0.057219 -0.000000 -0.122075 0.992487 0.008244 8.836100 -0.055788 -0.015155 0.998328 -1.360800 0.000000 0.000000 0.000000 1.000000
0.991365 0.117048 0.059122 0.000000 -0.117816 0.992988 0.009669 8.836100 -0.057576 -0.016551 0.998204 -1.360800 0.000000 0.000000 0.000000 1.000000
0.992257 0.108593 0.060284 -0.000000 -0.109431 0.993936 0.010765 8.836100 -0.058750 -0.017279 0.998123 -1.360800 0.000000 0.000000 0.000000 1.000000
0.993258 0.098779 0.060678 0.000000 -0.099624 0.994964 0.011051 8.836100 -0.059281 -0.017021 0.998096 -1.360800 0.000000 0.000000 0.000000 1.000000
0.994040 0.090759 0.060400 0.000000 -0.091546 0.995747 0.010391 8.836100 -0.059200 -0.015858 0.998120 -1.360800 0.000000 0.000000 0.000000 1.000000
0.994488 0.086106 0.059826 0.000000 -0.086802 0.996184 0.009128 8.836100 -0.058811 -0.014271 0.998167 -1.360800 0.000000 0.000000 0.000000 1.000000
0.994670 0.084221 0.059489 -0.000000 -0.084830 0.996365 0.007783 8.836100 -0.058617 -0.012788 0.998199 -1.360800 0.000000 0.000000 0.000000 1.000000
0.994739 0.083299 0.059627 0.000000 -0.083844 0.996456 0.006688 8.836100 -0.058859 -0.011652 0.998198 -1.360800 0.000000 0.000000 0.000000 1.000000
0.994823 0.082032 0.059987 0.000000 -0.082533 0.996571 0.005925 8.836100 -0.059295 -0.010845 0.998182 -1.360800 0.000000 0.000000 0.000000 1.000000
0.994941 0.080379 0.060270 -0.000000 -0.080857 0.996710 0.005531 8.836100 -0.059627 -0.010376 0.998167 -1.360800 0.000000 0.000000 0.000000 1.000000
0.995035 0.078951 0.060590 0.000000 -0.079440 0.996823 0.005691 8.836100 -0.059948 -0.010476 0.998147 -1.360800 0.000000 0.000000 0.000000 1.000000
0.995057 0.078170 0.061245 0.000000 -0.078726 0.996874 0.006709 8.836100 -0.060529 -0.011498 0.998100 -1.360800 0.000000 0.000000 0.000000 1.000000
0.995026 0.077872 0.062116 0.000000 -0.078566 0.996870 0.008797 8.836100 -0.061237 -0.013633 0.998030 -1.360800 0.000000 0.000000 0.000000 1.000000
0.995004 0.077723 0.062656 0.000000 -0.078614 0.996834 0.011875 8.836100 -0.061535 -0.016741 0.997965 -1.360800 0.000000 0.000000 0.000000 1.000000
0.995028 0.077518 0.062536 0.000000 -0.078633 0.996782 0.015564 8.836100 -0.061128 -0.020404 0.997921 -1.360800 0.000000 0.000000 0.000000 1.000000
0.995097 0.077033 0.062026 0.000000 -0.078363 0.996738 0.019302 8.836100 -0.060337 -0.024068 0.997888 -1.360800 0.000000 0.000000 0.000000 1.000000
0.995218 0.075829 0.061571 0.000000 -0.077340 0.996750 0.022530 8.836100 -0.059663 -0.027185 0.997848 -1.360800 0.000000 0.000000 0.000000 1.000000
0.995418 0.073467 0.061195 0.000000 -0.075109 0.996863 0.024974 8.836100 -0.059168 -0.029456 0.997813 -1.360800 0.000000 0.000000 0.000000 1.000000
0.995711 0.069904 0.060598 0.000000 -0.071635 0.997069 0.026878 8.836100 -0.058542 -0.031104 0.997800 -1.360800 0.000000 0.000000 0.000000 1.000000
0.996061 0.065574 0.059688 -0.000000 -0.067382 0.997312 0.028789 8.836100 -0.057640 -0.032697 0.997802 -1.360800 0.000000 0.000000 0.000000 1.000000
0.996400 0.061181 0.058681 0.000000 -0.063072 0.997530 0.030932 8.836100 -0.056644 -0.034522 0.997797 -1.360800 0.000000 0.000000 0.000000 1.000000
0.996682 0.057355 0.057746 0.000000 -0.059320 0.997697 0.032904 8.836100 -0.055726 -0.036221 0.997789 -1.360800 0.000000 0.000000 0.000000 1.000000
0.996904 0.054373 0.056796 0.000000 -0.056368 0.997827 0.034126 8.836100 -0.054817 -0.037222 0.997802 -1.360800 0.000000 0.000000 0.000000 1.000000
0.997096 0.051995 0.055645 0.000000 -0.053963 0.997948 0.034473 8.836100 -0.053738 -0.037375 0.997855 -1.360800 0.000000 0.000000 0.000000 1.000000
0.997279 0.049902 0.054256 0.000000 -0.051806 0.998069 0.034279 8.836100 -0.052441 -0.036997 0.997938 -1.360800 0.000000 0.000000 0.000000 1.000000
0.997444 0.048202 0.052739 0.000000 -0.050028 0.998173 0.033879 8.836100 -0.051009 -0.036431 0.998033 -1.360800 0.000000 0.000000 0.000000 1.000000
0.997593 0.046892 0.051083 0.000000 -0.048633 0.998259 0.033387 8.836100 -0.049429 -0.035791 0.998136 -1.360800 0.000000 0.000000 0.000000 1.000000
0.997766 0.045312 0.049098 0.000000 -0.046954 0.998358 0.032811 8.836100 -0.047531 -0.035043 0.998255 -1.360800 0.000000 0.000000 0.000000 1.000000
0.998006 0.042557 0.046624 -0.000000 -0.044082 0.998510 0.032170 8.836100 -0.045185 -0.034161 0.998394 -1.360800 0.000000 0.000000 0.000000 1.000000
0.998316 0.038155 0.043690 -0.000000 -0.039548 0.998722 0.031482 8.836100 -0.042433 -0.033157 0.998549 -1.360800 0.000000 0.000000 0.000000 1.000000
0.998671 0.031927 0.040451 -0.000000 -0.033181 0.998978 0.030701 8.836100 -0.039429 -0.032002 0.998710 -1.360800 0.000000 0.000000 0.000000 1.000000
0.999039 0.023448 0.037042 0.000000 -0.024555 0.999256 0.029733 8.836100 -0.036318 -0.030614 0.998871 -1.360800 0.000000 0.000000 0.000000 1.000000
0.999360 0.012424 0.033559 -0.000000 -0.013384 0.999503 0.028531 8.836100 -0.033188 -0.028961 0.999029 -1.360800 0.000000 0.000000 0.000000 1.000000
0.999546 0.000059 0.030114 -0.000000 -0.000877 0.999631 0.027152 8.836100 -0.030102 -0.027166 0.999178 -1.360800 0.000000 0.000000 0.000000 1.000000
0.999574 -0.011578 0.026809 0.000000 0.010889 0.999610 0.025715 8.836100 -0.027097 -0.025412 0.999310 -1.360800 0.000000 0.000000 0.000000 1.000000
0.999508 -0.020622 0.023652 -0.000000 0.020047 0.999503 0.024330 8.836100 -0.024142 -0.023844 0.999424 -1.360800 0.000000 0.000000 0.000000 1.000000
0.999455 -0.025945 0.020424 0.000000 0.025470 0.999407 0.023163 8.836100 -0.021013 -0.022630 0.999523 -1.360800 0.000000 0.000000 0.000000 1.000000
0.999449 -0.028484 0.017026 0.000000 0.028100 0.999354 0.022395 8.836100 -0.017653 -0.021904 0.999604 -1.360800 0.000000 0.000000 0.000000 1.000000
0.999390 -0.032030 0.013914 0.000000 0.031722 0.999257 0.021871 8.836100 -0.014605 -0.021416 0.999664 -1.360800 0.000000 0.000000 0.000000 1.000000
0.999081 -0.041204 0.011823 -0.000000 0.040952 0.998943 0.020860 8.836100 -0.012670 -0.020356 0.999713 -1.360800 0.000000 0.000000 0.000000 1.000000
0.998375 -0.056022 0.010484 0.000000 0.055819 0.998266 0.018713 8.836100 -0.011514 -0.018097 0.999770 -1.360800 0.000000 0.000000 0.000000 1.000000
0.997522 -0.069878 0.008192 0.000000 0.069740 0.997437 0.015990 8.836100 -0.009288 -0.015379 0.999839 -1.360800 0.000000 0.000000 0.000000 1.000000
0.997021 -0.077035 0.003884 0.000000 0.076973 0.996931 0.014285 8.836100 -0.004973 -0.013944 0.999890 -1.360800 0.000000 0.000000 0.000000 1.000000
0.996980 -0.077637 -0.001594 0.000000 0.077652 0.996876 0.014464 8.836100 0.000466 -0.014544 0.999894 -1.360800 0.000000 0.000000 0.000000 1.000000
0.997124 -0.075515 -0.006449 0.000000 0.075607 0.997017 0.015487 8.836100 0.005260 -0.015930 0.999859 -1.360800 0.000000 0.000000 0.000000 1.000000
0.997211 -0.074005 -0.009646 0.000000 0.074149 0.997126 0.015557 8.836100 0.008467 -0.016229 0.999832 -1.360800 0.000000 0.000000 0.000000 1.000000
0.997177 -0.074233 -0.011303 -0.000000 0.074388 0.997131 0.014040 8.836100 0.010228 -0.014842 0.999838 -1.360800 0.000000 0.000000 0.000000 1.000000
0.997067 -0.075607 -0.011878 0.000000 0.075746 0.997059 0.011673 8.836100 0.010961 -0.012539 0.999861 -1.360800 0.000000 0.000000 0.000000 1.000000
0.996954 -0.077141 -0.011468 0.000000 0.077249 0.996968 0.009303 8.836100 0.010715 -0.010161 0.999891 -1.360800 0.000000 0.000000 0.000000 1.000000
0.996876 -0.078355 -0.009953 -0.000000 0.078429 0.996894 0.007204 8.836100 0.009358 -0.007962 0.999925 -1.360800 0.000000 0.000000 0.000000 1.000000
0.996808 -0.079488 -0.007484 -0.000000 0.079530 0.996817 0.005512 8.836100 0.007022 -0.006089 0.999957 -1.360800 0.000000 0.000000 0.000000 1.000000
0.996717 -0.080838 -0.004572 0.000000 0.080859 0.996715 0.004573 8.836100 0.004187 -0.004928 0.999979 -1.360800 0.000000 0.000000 0.000000 1.000000
0.996618 -0.082150 -0.001764 -0.000000 0.082157 0.996609 0.004485 8.836100 0.001390 -0.004615 0.999988 -1.360800 0.000000 0.000000 0.000000 1.000000
0.996552 -0.082968 0.000713 -0.000000 0.082964 0.996542 0.004666 8.836100 -0.001098 -0.004591 0.999989 -1.360800 0.000000 0.000000 0.000000 1.000000
0.996518 -0.083328 0.002915 0.000000 0.083315 0.996514 0.004363 8.836100 -0.003269 -0.004105 0.999986 -1.360800 0.000000 0.000000 0.000000 1.000000
0.996472 -0.083786 0.004921 0.000000 0.083768 0.996479 0.003611 8.836100 -0.005207 -0.003186 0.999981 -1.360800 0.000000 0.000000 0.000000 1.000000
0.996366 -0.084911 0.006697 -0.000000 0.084890 0.996385 0.003377 8.836100 -0.006959 -0.002796 0.999972 -1.360800 0.000000 0.000000 0.000000 1.000000
0.996166 -0.087104 0.008149 0.000000 0.087069 0.996192 0.004564 8.836100 -0.008516 -0.003837 0.999956 -1.360800 0.000000 0.000000 0.000000 1.000000
0.995815 -0.090929 0.009217 0.000000 0.090866 0.995839 0.006965 8.836100 -0.009812 -0.006099 0.999933 -1.360800 0.000000 0.000000 0.000000 1.000000
0.995223 -0.097128 0.009871 -0.000000 0.097035 0.995236 0.009454 8.836100 -0.010742 -0.008451 0.999907 -1.360800 0.000000 0.000000 0.000000 1.000000
0.994337 -0.105795 0.010093 0.000000 0.105681 0.994336 0.011248 8.836100 -0.011226 -0.010118 0.999886 -1.360800 0.000000 0.000000 0.000000 1.000000
0.993256 -0.115521 0.009909 0.000000 0.115392 0.993238 0.012759 8.836100 -0.011316 -0.011530 0.999870 -1.360800 0.000000 0.000000 0.000000 1.000000
0.992291 -0.123575 0.009412 -0.000000 0.123427 0.992241 0.014983 8.836100 -0.011190 -0.013706 0.999843 -1.360800 0.000000 0.000000 0.000000 1.000000
0.991806 -0.127461 0.008681 0.000000 0.127287 0.991697 0.018298 8.836100 -0.010942 -0.017043 0.999795 -1.360800 0.000000 0.000000 0.000000 1.000000
0.991919 -0.126645 0.007656 0.000000 0.126448 0.991725 0.022206 8.836100 -0.010405 -0.021059 0.999724 -1.360800 0.000000 0.000000 0.000000 1.000000
0.992402 -0.122890 0.005982 0.000000 0.122695 0.992100 0.026158 8.836100 -0.009149 -0.025225 0.999640 -1.360800 0.000000 0.000000 0.000000 1.000000
0.992894 -0.118961 0.003086 0.000000 0.118816 0.992460 0.030104 8.836100 -0.006644 -0.029523 0.999542 -1.360800 0.000000 0.000000 0.000000 1.000000
0.993168 -0.116681 -0.001395 0.000000 0.116661 0.992588 0.034044 8.836100 -0.002587 -0.033974 0.999419 -1.360800 0.000000 0.000000 0.000000 1.000000
0.993217 -0.116061 -0.007048 0.000000 0.116244 0.992513 0.037491 8.836100 0.002644 -0.038056 0.999272 -1.360800 0.000000 0.000000 0.000000 1.000000
0.993193 -0.115798 -0.012584 0.000000 0.116213 0.992425 0.039826 8.836100 0.007877 -0.041017 0.999127 -1.360800 0.000000 0.000000 0.000000 1.000000
0.993290 -0.114451 -0.016586 0.000000 0.115046 0.992512 0.041035 8.836100 0.011765 -0.042668 0.999020 -1.360800 0.000000 0.000000 0.000000 1.000000
0.993584 -0.111571 -0.018520 0.000000 0.112261 0.992802 0.041740 8.836100 0.013730 -0.043551 0.998957 -1.360800 0.000000 0.000000 0.000000 1.000000
0.993942 -0.108250 -0.019031 0.000000 0.108977 0.993133 0.042555 8.836100 0.014294 -0.044371 0.998913 -1.360800 0.000000 0.000000 0.000000 1.000000
0.994140 -0.106375 -0.019238 -0.000000 0.107129 0.993285 0.043676 8.836100 0.014463 -0.045481 0.998861 -1.360800 0.000000 0.000000 0.000000 1.000000
0.994077 -0.106848 -0.019876 -0.000000 0.107651 0.993166 0.045074 8.836100 0.014924 -0.046947 0.998786 -1.360800 0.000000 0.000000 0.000000 1.000000
0.993874 -0.108467 -0.021180 0.000000 0.109358 0.992901 0.046790 8.836100 0.015954 -0.048819 0.998680 -1.360800 0.000000 0.000000 0.000000 1.000000
